(1, 0, 0, 0)
(2, 1, 1, 6262)
(3, 1, 1, 1564)
(4, 1, 1, 1e+19)
(5, 1, 1, 1564)
(6, 1, 1, 1564)
(7, 1, 1, 1564)
(8, 1, 1, 1564)
(9, 1, 1, 1564)
(10, 1, 1, 456)
(11, 1, 1, 456)
(12, 1, 1, 456666666666666)
(13, 1, 1, 5872)
(14, 1, 1, 89)
(15, 0, 1, 78978)
(16, 1, 1, 10000000000)
(17, 0, 0, 'e')
(18, 0, 0, 544)
(19, 0, 0, 'ddddd')
(20, 0, 0, 789789798)
(21, 0, 0, 1111)
(22, 0, 0, 1111)
(23, 0, 0, 1111)
(24, 0, 0, 1111)
(25, 0, 0, 1111)
(26, 0, 0, 1111)
(27, 0, 0, 1111)
(28, 0, 0, 1111)
(29, 0, 0, 1111)
(30, 0, 0, 1111)
(31, 0, 0, 1111)
(32, 0, 0, 1111)
